テキストの説明

プレイヤーのスタート場所
階層		横座標		縦座標		初期の向いている方向
1		3		1		2

横最大幅	縦最大幅	読み込むマップの数
10 		10		1

その階層の軸の位置
0 0

マップデータ
数字はその床の高さを示している（高さはその数値の-１のデータを扱う）

3   3   3   3   3   3   3   3   3   3 
3   1   1   1   3   3   1   1   3   3 
3   1   1   1   3   3   1   1   3   3  
3   1   1   1   3   1   1   1   1   3  
3   3   1   3   3   1   1   1   1   3 
3   3   1   3   3   1   1   1   1   3 
3   3   1   1   1   1   1   1   1   3 
3   3   3   3   3   1   1   1   1   3 
3   3   3   3   3   1   1   1   1   3   
3   3   3   3   3   3   3   3   3   3  